79.87 78.81 77.27 80.14 7576545 2020-11-06
75.0 75.41 71.19 78.23 13716606 2020-11-09
74.8 75.12 73.21 76.24 8658862 2020-11-10
76.345 76.55 75.71 76.69 5510993 2020-11-11
77.12 76.71 76.525 78.4 4881896 2020-11-12
77.5 77.55 76.61 77.7 5596410 2020-11-13
76.72 77.44 75.57 77.5 7876961 2020-11-16
77.52 77.11 77.01 78.8 6210318 2020-11-17
76.9453 75.5 75.26 77.07 9287224 2020-11-18
73.96 75.93 73.74 76.7 8750739 2020-11-19
75.7 76.81 75.5 77.71 6731817 2020-11-20
76.92 75.92 75.11 77.34 6953471 2020-11-23
75.93 75.23 74.91 76.05 7236084 2020-11-24
75.93 76.51 75.65 77.14 4823084 2020-11-25
77.7 78.14 76.66 78.21 3382461 2020-11-27
78.32 79.48 77.78 79.73 15235004 2020-11-30
79.94 79.93 78.63 79.99 5780820 2020-12-01
79.72 79.15 78.7388 80.01 4780605 2020-12-02
79.31 78.79 78.55 79.81 4860022 2020-12-03
78.72 80.88 78.635 80.93 6414285 2020-12-04
81.4 82.27 81.18 82.95 6731026 2020-12-07
82.48 83.63 81.99 83.635 6740344 2020-12-08
83.5 82.58 81.87 83.68 11116610 2020-12-09
82.28 83.11 81.68 83.93 8503317 2020-12-10
83.13 83.68 82.87 84.04 5864152 2020-12-11
84.27 85.94 84.075 86.2601 7506401 2020-12-14
86.25 86.92 85.59 86.96 5946788 2020-12-15
87.26 88.22 86.84 88.29 6969291 2020-12-16
88.8652 88.46 86.979 89.35 6796917 2020-12-17
89.04 90.37 88.29 90.78 14075337 2020-12-18
89.48 88.81 87.18 90.05 7303993 2020-12-21
89.44 89.42 88.3 89.61 5085628 2020-12-22
89.95 90.21 88.8 90.49 4728622 2020-12-23
90.3 90.96 90.28 91.22 2269128 2020-12-24
91.76 91.43 90.77 92.26 4363316 2020-12-28
91.63 91.37 90.85 92.105 3741661 2020-12-29
91.75 91.58 91.43 92.6 2689601 2020-12-30
91.74 92.85 91.53 92.99 4311046 2020-12-31
92.695 89.9 89.22 92.91 7423069 2021-01-04
90.32 90.69 89.1 90.75 4544124 2021-01-05
89.06 88.0 87.89 89.9 7422072 2021-01-06
88.86 89.67 88.27 90.75 6142356 2021-01-07
90.07 91.3 89.53 91.37 4409111 2021-01-08
91.3 90.91 90.55 91.85 6686098 2021-01-11
91.0 89.25 87.96 91.185 5384589 2021-01-12
89.64 89.77 88.44 90.335 4223695 2021-01-13
90.1638 89.99 89.65 91.24 5466345 2021-01-14
89.9856 90.69 88.57 90.75 8461531 2021-01-15
90.915 93.15 90.83 93.37 5711938 2021-01-19
93.96 95.12 93.57 95.87 5703422 2021-01-20
95.47 94.6 94.21 95.7 4488880 2021-01-21
94.68 94.43 93.82 95.23 3755094 2021-01-22
95.53 93.4 92.74 95.76 5373544 2021-01-25
93.35 92.38 92.14 93.68 6424329 2021-01-26
91.0 88.67 88.21 91.0 12152861 2021-01-27
89.57 90.27 89.01 91.42 6685594 2021-01-28
89.995 91.0 89.74 91.33 7025489 2021-01-29
91.48 91.42 90.86 92.16 4271063 2021-02-01
92.04 93.98 91.81 94.18 5770687 2021-02-02
93.89 92.77 92.59 94.07 6666753 2021-02-03
93.35 92.68 92.41 94.42 8296533 2021-02-04
100.66 101.61 100.0 104.2299 17047813 2021-02-05
102.05 101.19 100.39 103.08 5969783 2021-02-08
101.95 102.73 101.06 103.77 5281540 2021-02-09
103.04 102.76 101.245 103.44 4738625 2021-02-10
103.5 103.24 102.55 104.215 3306464 2021-02-11
102.78 103.81 102.14 103.89 3023802 2021-02-12
103.82 102.96 102.48 104.53 3772975 2021-02-16
102.58 102.35 101.81 103.37 3725110 2021-02-17
101.83 102.25 100.94 102.4 5088824 2021-02-18
102.95 100.8 100.585 103.08 4369531 2021-02-19
99.82 96.58 96.41 99.82 6107421 2021-02-22
95.07 96.42 93.55 96.85 6238398 2021-02-23
95.45 95.69 94.52 96.06 5925696 2021-02-24
95.32 95.1 93.79 96.42 5358195 2021-02-25
96.0 95.61 95.16 97.21 6351746 2021-02-26
97.09 98.72 96.89 98.92 5135795 2021-03-01
98.91 96.75 96.59 98.99 3984976 2021-03-02
96.29 93.71 92.88 96.53 5283214 2021-03-03
93.08 91.54 90.74 94.56 5777192 2021-03-04
92.2 92.58 90.32 93.39 8348705 2021-03-05
91.75 89.21 89.13 92.83 6742550 2021-03-08
91.6 92.5 91.6 93.6925 6325573 2021-03-09
93.26 91.31 91.09 93.7 4283640 2021-03-10
92.97 92.94 92.43 93.8311 4465146 2021-03-11
91.89 93.035 91.15 93.13 3280695 2021-03-12
92.8661 92.575 91.4 93.05 3146350 2021-03-15
93.56 93.28 92.925 94.8 4552788 2021-03-16
92.4 92.44 90.82 92.93 4644870 2021-03-17
90.74 89.58 89.165 91.63 6692090 2021-03-18
89.69 90.49 89.69 91.54 13501013 2021-03-19
90.63 91.87 90.55 92.53 4290050 2021-03-22
92.59 91.38 91.08 92.6 4426367 2021-03-23
91.55 90.51 89.67 91.55 4800510 2021-03-24
90.41 90.85 89.06 91.13 5016963 2021-03-25
91.24 92.4 90.77 92.49 6161471 2021-03-26
92.25 94.02 92.03 94.92 8660805 2021-03-29
92.44 92.66 90.79 92.875 6147903 2021-03-30
92.85 93.0 92.5 94.08 6522688 2021-03-31
93.94 95.54 93.7413 95.7 6023069 2021-04-01