135.89 135.89 135.89 135.89 200
135.9 135.9 135.9 135.9 1251
135.83 135.83 135.83 135.83 399
135.0 135.0 135.0 135.0 279
135.78 135.78 135.78 135.78 345
135.43 135.43 135.43 135.43 100
135.43 135.43 135.43 135.43 135
135.55 135.55 135.55 135.55 200
135.52 135.52 135.52 135.52 150
135.52 135.52 135.52 135.8 701
135.42 135.53 135.42 135.76 708
135.5 135.5 135.5 135.5 100
135.3 135.23 135.23 135.3 810
135.4 135.4 135.4 135.4 205
135.86 136.13 135.3 136.18 160585
136.19 135.3 135.3 136.27 42986
135.295 135.39 134.99 135.475 70130
135.4 135.49 135.17 135.68 107513
135.44 135.0 134.91 135.45 93707
135.005 135.255 134.871 135.255 55721
135.24 134.98 134.98 135.37 50412
135.02 135.03 134.9795 135.25 40893
135.04 135.305 135.0 135.41 43084
135.32 135.36 135.2375 135.53 67653
135.37 135.305 135.2 135.43 36870
135.31 135.66 135.31 135.66 32012
135.6665 135.55 135.53 135.68 48332
135.52 135.4501 135.43 135.57 35694
135.45 135.239 135.23 135.5 43011
135.27 135.24 135.22 135.345 34989
135.23 135.11 135.04 135.23 27257
135.09 134.99 134.92 135.1 51008
134.95 135.065 134.86 135.12 40909
135.02 134.96 134.96 135.095 20332
134.96 134.97 134.86 135.005 55217
134.955 134.98 134.9303 135.0499 86650
134.99 134.8601 134.79 135.04 93438
134.865 134.82 134.78 134.9 48964
134.85 134.405 134.37 134.8566 81117
134.4 134.31 134.2627 134.49 90700
134.3366 134.46 134.32 134.5 40372
134.46 134.65 134.39 134.65 53166
134.64 134.74 134.51 134.79 39898
134.73 134.58 134.57 134.76 40226
134.5475 134.29 134.29 134.56 61827
134.3052 134.215 134.16 134.36 41559
134.23 134.15 134.12 134.31 35753
134.15 134.16 134.098 134.18 51940
134.15 134.1 134.09 134.17 40582
134.08 134.265 134.02 134.31 36656
134.26 134.42 134.2 134.44 23416
134.42 134.32 134.31 134.42 31350
134.32 134.25 134.25 134.33 26411
134.25 134.2409 134.19 134.27 20431
134.24 134.36 134.23 134.38 21408
134.35 134.34 134.32 134.39 37390
134.35 134.38 134.28 134.38 21294
134.38 134.63 134.36 134.63 27593
134.58 134.73 134.56 134.7392 19715
134.72 134.64 134.62 134.75 29464
134.64 134.74 134.61 134.75 18809
134.74 134.71 134.68 134.74 16615
134.72 134.58 134.48 134.72 47907
134.575 134.52 134.48 134.58 28215
134.535 134.58 134.505 134.65 18173
134.6 134.65 134.59 134.68 21064
134.659 134.78 134.64 134.8 17437
134.78 134.705 134.68 134.81 26686
134.69 134.61 134.545 134.7 26735
134.59 134.68 134.5801 134.7209 27585
134.68 134.76 134.66 134.76 19657
134.75 134.78 134.74 134.85 27922
134.79 134.71 134.69 134.814 25131
134.73 134.76 134.73 134.82 24583
134.75 134.74 134.69 134.77 28657
134.74 134.6132 134.559 134.74 34422
134.63 134.61 134.57 134.72 29385
134.59 134.61 134.55 134.63 29309
134.62 134.5787 134.54 134.65 22542
134.59 134.7 134.53 134.77 32124
134.7 134.869 134.67 134.9 35149
134.84 134.85 134.84 134.92 31137
134.84 134.71 134.69 134.86 24124
134.701 134.62 134.58 134.72 41769
134.625 134.805 134.62 134.805 34594
134.79 134.88 134.77 134.88 29149
134.8795 134.83 134.81 134.91 44930
134.81 134.76 134.75 134.88 41546
134.77 134.62 134.6 134.77 42825
134.63 134.56 134.55 134.74 62172
134.55 134.49 134.46 134.61 101736
134.49 134.75 134.39 134.78 207756
134.72 134.72 134.72 134.72 895901
134.6 134.32 134.32 134.72 2141
134.28 134.28 134.28 134.28 100
134.72 134.72 134.72 134.72 3167
134.55 134.76 134.55 134.76 416
134.55 134.55 134.55 134.55 575
134.6 134.6 134.6 134.6 100
134.6 134.6 134.6 134.6 150