194.58 196.09 194.32 196.52 142608 2021-03-31 11:00:00
196.0 196.3079 195.1401 196.83 143021 2021-03-31 11:05:00
196.29 194.4903 194.22 197.29 186241 2021-03-31 11:10:00
194.6432 194.18 193.5371 195.1074 76415 2021-03-31 11:15:00
194.3803 193.635 192.6 194.89 108588 2021-03-31 11:20:00
193.67 193.401 192.6101 194.17 55845 2021-03-31 11:25:00
193.36 193.1699 192.7601 193.73 37248 2021-03-31 11:30:00
193.01 194.8844 192.5 195.699 137384 2021-03-31 11:35:00
194.69 194.5 194.5 195.78 63650 2021-03-31 11:40:00
194.3676 195.4377 194.1 195.8 84857 2021-03-31 11:45:00
195.13 196.495 195.13 197.14 150038 2021-03-31 11:50:00
196.51 194.8246 194.5 196.9168 94624 2021-03-31 11:55:00
194.82 195.31 194.22 195.71 57286 2021-03-31 12:00:00
195.5911 193.58 192.2201 195.5911 142220 2021-03-31 12:05:00
193.577 193.3 192.7646 193.93 44187 2021-03-31 12:10:00
193.33 193.25 193.1 194.45 38609 2021-03-31 12:15:00
193.62 193.45 192.8106 193.7799 35831 2021-03-31 12:20:00
193.7 193.1794 192.99 193.78 29823 2021-03-31 12:25:00
193.02 191.89 191.46 193.15 95928 2021-03-31 12:30:00
191.89 193.13 191.8 193.13 50443 2021-03-31 12:35:00
193.0 192.65 191.88 193.0 32307 2021-03-31 12:40:00
192.8 192.82 192.5 193.2 34282 2021-03-31 12:45:00
192.9 192.43 192.06 193.19 28211 2021-03-31 12:50:00
192.47 192.4 192.1974 192.76 18972 2021-03-31 12:55:00
192.7905 192.23 191.5 192.7905 50426 2021-03-31 13:00:00
192.15 193.5042 192.072 194.1999 73938 2021-03-31 13:05:00
193.311 192.9612 192.7405 194.0 43499 2021-03-31 13:10:00
192.694 192.71 192.6 193.41 27066 2021-03-31 13:15:00
192.6 193.15 192.37 193.75 29231 2021-03-31 13:20:00
193.28 193.5093 193.27 193.9471 39121 2021-03-31 13:25:00
193.6963 195.25 193.604 196.1 130742 2021-03-31 13:30:00
195.194 196.2224 195.0346 197.06 140895 2021-03-31 13:35:00
196.19 195.7633 195.44 196.94 95706 2021-03-31 13:40:00
195.66 195.39 194.5 195.79 68058 2021-03-31 13:45:00
195.44 195.092 194.85 195.6899 32176 2021-03-31 13:50:00
195.235 195.25 195.06 195.8582 39245 2021-03-31 13:55:00
195.2119 194.64 194.0706 195.271 46483 2021-03-31 14:00:00
194.5738 194.369 193.7 194.9 50728 2021-03-31 14:05:00
194.12 194.07 193.1 194.44 57963 2021-03-31 14:10:00
194.2 195.1564 194.1 195.4357 70983 2021-03-31 14:15:00
194.96 195.2727 194.7328 195.7 26914 2021-03-31 14:20:00
195.08 194.5329 194.3 195.149 23067 2021-03-31 14:25:00
194.53 195.5465 194.5156 195.9877 40022 2021-03-31 14:30:00
195.7599 195.7126 194.6 195.98 38794 2021-03-31 14:35:00
195.465 194.9446 194.59 195.5408 43836 2021-03-31 14:40:00
194.94 193.2231 192.06 194.94 151462 2021-03-31 14:45:00
193.214 193.54 193.0463 194.02 39275 2021-03-31 14:50:00
193.6 191.925 191.55 193.6 88355 2021-03-31 14:55:00
192.144 192.36 191.6202 193.39 76356 2021-03-31 15:00:00
192.49 192.2305 191.75 192.96 43148 2021-03-31 15:05:00
192.205 193.215 192.0 193.7999 50438 2021-03-31 15:10:00
193.05 192.1569 192.11 193.5 90523 2021-03-31 15:15:00
192.42 191.94 191.29 192.97 83777 2021-03-31 15:20:00
191.8 190.26 190.07 192.0648 121759 2021-03-31 15:25:00
190.192 190.5 189.92 191.6253 109375 2021-03-31 15:30:00
190.64 191.8 190.5 192.4541 53274 2021-03-31 15:35:00
191.8995 189.77 189.77 191.8995 75475 2021-03-31 15:40:00
189.9 190.9 189.65 191.5 92786 2021-03-31 15:45:00
190.795 191.3 190.5042 191.9999 76434 2021-03-31 15:50:00
191.26 192.451 191.09 192.5 98181 2021-03-31 15:55:00
192.17 190.01 190.0 192.41 184551 2021-03-31 16:00:00
190.29 190.87 189.82 192.0 15064 2021-03-31 16:05:00
191.0 191.0 190.31 191.39 10167 2021-03-31 16:10:00
190.51 190.0 190.0 191.0 6767 2021-03-31 16:15:00
190.99 190.8 190.49 190.99 2917 2021-03-31 16:20:00
190.5 189.51 189.51 190.8 10344 2021-03-31 16:25:00
189.5 189.75 189.12 190.04 3448 2021-03-31 16:30:00
189.75 190.0 189.5 190.0 2363 2021-03-31 16:35:00
189.5 189.82 189.5 189.82 942 2021-03-31 16:40:00
189.65 189.89 189.6 190.5 4019 2021-03-31 16:45:00
190.6 190.87 190.6 190.87 816 2021-03-31 16:50:00
190.6 190.6 190.6 190.6 674 2021-03-31 16:55:00
190.2 190.2 190.2 190.2 438 2021-03-31 17:00:00
190.25 190.7 190.25 190.7 850 2021-03-31 17:10:00
190.37 189.9 189.9 190.37 1438 2021-03-31 17:15:00
190.6 190.7 190.59 190.7 981 2021-03-31 17:25:00
190.4 190.5 190.4 190.5 597 2021-03-31 17:30:00
190.6 190.6 190.6 190.6 199 2021-03-31 17:35:00
190.25 190.01 190.01 190.25 578 2021-03-31 17:40:00
190.33 190.33 190.33 190.33 246 2021-03-31 17:45:00
190.6 190.4 190.4 190.6 881 2021-03-31 17:55:00
190.7 190.69 190.36 190.7 1673 2021-03-31 18:00:00
190.61 190.36 190.36 190.61 299 2021-03-31 18:05:00
190.61 191.0 190.61 191.0 1375 2021-03-31 18:10:00
190.9 190.9 190.9 190.9 526 2021-03-31 18:15:00
190.99 190.99 190.99 191.0 1696 2021-03-31 18:20:00
190.71 190.71 190.71 190.71 297 2021-03-31 18:25:00
190.34 190.34 190.34 190.34 375 2021-03-31 18:40:00
190.75 190.75 190.75 190.75 134 2021-03-31 18:50:00
190.7 190.69 190.69 190.7 516 2021-03-31 18:55:00
190.9 190.88 190.87 190.9 870 2021-03-31 19:00:00
190.84 190.8 190.45 190.84 1027 2021-03-31 19:15:00
190.5 190.5 190.5 190.5 556 2021-03-31 19:20:00
190.8 190.8 190.8 190.8 1525 2021-03-31 19:25:00
190.7 190.7 190.7 190.7 137 2021-03-31 19:35:00
190.85 190.85 190.85 190.85 924 2021-03-31 19:40:00
190.7 190.7 190.7 190.7 1565 2021-03-31 19:45:00
190.8 190.8 190.8 190.85 2440 2021-03-31 19:50:00
190.85 190.8 190.8 190.85 1246 2021-03-31 19:55:00
190.7 190.45 190.45 190.8 4157 2021-03-31 20:00:00