194.29 195.55 194.29 196.0 27326 2021-03-30_17-30-00
195.82 196.9 195.15 197.79 31443 2021-03-30_18-00-00
196.34 195.05 195.0 196.34 7994 2021-03-30_18-30-00
195.4 195.61 195.32 195.99 5411 2021-03-30_19-00-00
195.5 195.2 195.11 195.56 2159 2021-03-30_19-30-00
195.5 195.7 195.0 195.94 17433 2021-03-30_20-00-00
196.66 197.8 195.0 198.0 9191 2021-03-31_04-30-00
197.65 196.52 196.52 197.65 1810 2021-03-31_05-00-00
196.83 196.83 196.83 196.83 113 2021-03-31_06-00-00
197.8 198.2 197.4 198.3 6064 2021-03-31_07-00-00
198.32 198.95 197.7 199.0 18923 2021-03-31_07-30-00
198.5 198.49 197.7 198.5 8377 2021-03-31_08-00-00
198.0 198.9 197.7 199.4 49982 2021-03-31_08-30-00
198.5 198.0 197.7 198.8 25303 2021-03-31_09-00-00
198.0 197.21 197.0 198.9 86740 2021-03-31_09-30-00
197.5 193.8 190.81 199.46 1745249 2021-03-31_10-00-00
193.8 191.49 187.1102 195.0 1085153 2021-03-31_10-30-00
191.23 196.09 189.5809 196.52 790770 2021-03-31_11-00-00
196.0 193.1699 192.6 197.29 607358 2021-03-31_11-30-00
193.01 195.31 192.5 197.14 587839 2021-03-31_12-00-00
195.5911 191.89 191.46 195.5911 386598 2021-03-31_12-30-00
191.89 192.23 191.5 193.2 214641 2021-03-31_13-00-00
192.15 195.25 192.072 196.1 343597 2021-03-31_13-30-00
195.194 194.64 194.0706 197.06 422563 2021-03-31_14-00-00
194.5738 195.5465 193.1 195.9877 269677 2021-03-31_14-30-00
195.7599 192.36 191.55 195.98 438078 2021-03-31_15-00-00
192.49 190.5 189.92 193.7999 499020 2021-03-31_15-30-00
190.64 190.01 189.65 192.5 580701 2021-03-31_16-00-00
190.29 189.75 189.12 192.0 48707 2021-03-31_16-30-00
189.75 190.2 189.5 190.87 9252 2021-03-31_17-00-00
190.25 190.5 189.9 190.7 3866 2021-03-31_17-30-00
190.6 190.69 190.01 190.7 3577 2021-03-31_18-00-00
190.61 190.71 190.36 191.0 4193 2021-03-31_18-30-00
190.34 190.88 190.34 190.9 1895 2021-03-31_19-00-00
190.84 190.8 190.45 190.84 3108 2021-03-31_19-30-00
190.7 190.45 190.45 190.85 10469 2021-03-31_20-00-00
193.7 193.4 193.4 198.67 19062 2021-04-01_04-30-00
193.1 195.0 193.1 195.8 4164 2021-04-01_05-00-00
195.5 194.7 194.0 195.6 4123 2021-04-01_05-30-00
194.7 194.7 194.7 194.7 652 2021-04-01_06-00-00
195.23 195.37 195.23 195.37 2090 2021-04-01_06-30-00
194.9 194.89 194.54 194.9 2398 2021-04-01_07-00-00
194.9 193.77 193.7 195.27 8003 2021-04-01_07-30-00
194.3 193.5 193.5 194.35 10071 2021-04-01_08-00-00
195.0 193.7 193.2 195.0 23460 2021-04-01_08-30-00
193.49 193.3 193.0 194.0 14606 2021-04-01_09-00-00
193.3 193.4 192.06 193.7 46468 2021-04-01_09-30-00
193.36 187.0001 183.6 193.87 1612683 2021-04-01_10-00-00
187.4472 191.39 186.7 193.0 863829 2021-04-01_10-30-00
191.43 188.99 187.5 191.6233 464022 2021-04-01_11-00-00
189.0 188.539 187.17 190.75 469510 2021-04-01_11-30-00
188.35 187.42 186.07 188.4376 339225 2021-04-01_12-00-00
187.643 188.37 187.405 190.17 330729 2021-04-01_12-30-00
188.37 187.38 186.31 188.39 239457 2021-04-01_13-00-00
187.38 195.035 186.759 196.969 943759 2021-04-01_13-30-00
194.8601 192.6657 189.21 195.2508 1081034 2021-04-01_14-00-00
192.63 193.65 190.7 195.42 1114266 2021-04-01_14-30-00
193.661 193.28 191.39 196.34 515624 2021-04-01_15-00-00
193.22 192.7 191.8 193.61 310443 2021-04-01_15-30-00
192.9499 190.6 188.02 193.0 726922 2021-04-01_16-00-00
190.78 191.29 190.0 191.45 35224 2021-04-01_16-30-00
190.5 190.3 190.01 190.5 6697 2021-04-01_17-00-00
190.13 190.5 190.11 191.45 15315 2021-04-01_17-30-00
190.5 191.45 190.11 191.45 19132 2021-04-01_18-00-00
190.64 190.58 190.45 191.5 4370 2021-04-01_18-30-00
191.0 191.36 190.98 191.36 3599 2021-04-01_19-00-00
191.4 191.74 191.36 191.88 5916 2021-04-01_19-30-00
191.8 191.5 191.2 192.1 16239 2021-04-01_20-00-00
192.0 192.5 190.69 192.5 892 2021-04-05_04-30-00
192.5 191.0 191.0 192.5 2975 2021-04-05_05-00-00
191.0 190.0 190.0 191.5 2074 2021-04-05_05-30-00
191.01 190.0 190.0 191.01 1522 2021-04-05_06-00-00
191.0 171.0 167.03 194.79 115740 2021-04-05_06-30-00
170.5 163.0 155.12 172.0 115962 2021-04-05_07-00-00
164.77 159.01 159.0 170.98 302179 2021-04-05_07-30-00
159.02 163.0 158.02 164.79 150897 2021-04-05_08-00-00
167.6425 165.98 159.57 170.0 292373 2021-04-05_08-30-00
165.52 173.51 165.0 176.0 287263 2021-04-05_09-00-00
173.0 171.07 171.07 176.0 328990 2021-04-05_09-30-00
171.004 175.2446 164.81 181.45 3733733 2021-04-05_10-00-00
175.22 178.39 174.95 180.01 1114639 2021-04-05_10-30-00
178.39 183.4 178.365 184.48 1476294 2021-04-05_11-00-00
183.12 189.6532 181.5 189.8 1038123 2021-04-05_11-30-00
189.88 190.4 187.97 195.0 1577670 2021-04-05_12-00-00
190.323 184.3899 183.62 190.3558 664161 2021-04-05_12-30-00
184.2023 182.7384 180.11 185.42 619702 2021-04-05_13-00-00
182.62 184.5505 181.8001 184.9751 343663 2021-04-05_13-30-00
184.81 184.9494 184.12 186.4188 346317 2021-04-05_14-00-00
184.673 183.53 182.16 184.9499 238722 2021-04-05_14-30-00
183.7999 183.7134 182.008 184.3399 257594 2021-04-05_15-00-00
183.5432 183.87 183.0 185.2899 300511 2021-04-05_15-30-00
183.91 186.1239 182.45 186.15 689576 2021-04-05_16-00-00
185.7 186.8 185.7 187.0 52109 2021-04-05_16-30-00
186.8 187.3 186.8 187.65 39321 2021-04-05_17-00-00
187.49 185.7 185.7 187.79 19116 2021-04-05_17-30-00
185.0 185.16 185.0 185.65 3955 2021-04-05_18-00-00
185.65 186.5 185.65 186.5 3531 2021-04-05_18-30-00
186.22 186.05 185.56 186.75 2026 2021-04-05_19-00-00
186.0 186.69 185.8 186.75 4911 2021-04-05_19-30-00
186.69 188.57 186.69 189.0 24853 2021-04-05_20-00-00