115.08 114.04 113.39 115.1 5249171 2020-11-06 00:00:00
117.88 115.53 115.27 119.74 8992152 2020-11-09 00:00:00
116.69 117.91 116.25 118.17 5622756 2020-11-10 00:00:00
118.12 117.2 116.22 118.35 4289601 2020-11-11 00:00:00
115.63 114.5 113.48 116.37 6500799 2020-11-12 00:00:00
115.19 116.85 115.01 117.37 4683512 2020-11-13 00:00:00
118.3 118.36 117.12 118.55 5293385 2020-11-16 00:00:00
117.6 117.7 117.07 118.54 4134455 2020-11-17 00:00:00
117.72 116.77 116.75 118.88 4606828 2020-11-18 00:00:00
116.54 117.18 115.89 117.45 3439648 2020-11-19 00:00:00
117.6 116.94 116.69 118.04 5024593 2020-11-20 00:00:00
117.43 120.09 117.27 120.515 5655119 2020-11-23 00:00:00
120.86 124.42 120.805 124.73 7535949 2020-11-24 00:00:00
122.93 124.2 122.11 124.33 4135894 2020-11-25 00:00:00
124.2 124.35 123.91 125.313 2091186 2020-11-27 00:00:00
124.1 123.52 123.09 125.0 5987991 2020-11-30 00:00:00
123.9 123.16 123.08 125.83 5099334 2020-12-01 00:00:00
122.85 124.62 122.41 124.64 3690737 2020-12-02 00:00:00
124.16 123.61 123.29 124.86 4548161 2020-12-03 00:00:00
123.97 127.2 123.64 127.38 5522760 2020-12-04 00:00:00
126.49 124.7 124.57 126.97 8318500 2020-12-07 00:00:00
125.32 125.71 124.64 126.33 5395024 2020-12-08 00:00:00
125.8 126.79 125.7 127.69 6513517 2020-12-09 00:00:00
126.35 124.96 124.94 126.93 4803172 2020-12-10 00:00:00
124.08 124.27 123.61 125.51 4481416 2020-12-11 00:00:00
125.32 123.53 123.47 126.2435 5050023 2020-12-14 00:00:00
124.39 125.93 123.44 125.93 4359601 2020-12-15 00:00:00
125.93 125.55 125.286 126.5728 4530096 2020-12-16 00:00:00
126.08 125.55 124.91 126.09 3787962 2020-12-17 00:00:00
125.59 125.85 124.97 126.4 7552845 2020-12-18 00:00:00
123.97 123.39 121.72 124.18 6115671 2020-12-21 00:00:00
123.31 123.61 122.41 124.22 4337757 2020-12-22 00:00:00
123.88 123.9 123.74 125.21 2693889 2020-12-23 00:00:00
125.0 124.69 124.21 125.1 1761122 2020-12-24 00:00:00
125.1 124.82 124.46 126.6 3583222 2020-12-28 00:00:00
125.35 123.8 123.24 125.48 3487007 2020-12-29 00:00:00
123.8 124.34 123.63 124.85 3380494 2020-12-30 00:00:00
124.22 125.88 123.99 126.03 3574696 2020-12-31 00:00:00
125.85 123.94 123.04 125.9174 5179161 2021-01-04 00:00:00
125.01 126.14 124.61 126.68 6114619 2021-01-05 00:00:00
126.9 129.29 126.72 131.88 7956740 2021-01-06 00:00:00
130.04 128.99 128.26 130.46 4507382 2021-01-07 00:00:00
128.57 128.53 126.98 129.32 4676487 2021-01-08 00:00:00
127.95 128.58 127.66 129.675 5602466 2021-01-11 00:00:00
129.09 129.21 127.94 129.85 3729068 2021-01-12 00:00:00
129.15 126.92 126.455 129.75 7677739 2021-01-13 00:00:00
128.02 128.97 127.55 130.16 7503180 2021-01-14 00:00:00
128.28 128.39 127.67 129.24 4905506 2021-01-15 00:00:00
129.28 129.02 128.0885 129.59 5397956 2021-01-19 00:00:00
129.7 130.08 128.56 131.06 5598705 2021-01-20 00:00:00
130.12 131.65 130.05 132.24 12819233 2021-01-21 00:00:00
120.7 118.61 117.36 120.7 38063533 2021-01-22 00:00:00
118.7624 118.58 117.45 119.538 13686391 2021-01-25 00:00:00
119.18 122.49 118.42 122.59 10694708 2021-01-26 00:00:00
122.08 122.47 121.6214 124.79 12146541 2021-01-27 00:00:00
122.8 120.08 120.07 123.2 8084051 2021-01-28 00:00:00
120.22 119.11 118.9 121.3 11825496 2021-01-29 00:00:00
119.9 120.54 118.73 120.95 6250508 2021-02-01 00:00:00
119.36 119.44 119.28 121.0 6311881 2021-02-02 00:00:00
119.04 119.12 118.12 119.8 6715366 2021-02-03 00:00:00
119.91 121.02 118.87 121.1 4562124 2021-02-04 00:00:00
121.0 121.79 120.52 121.81 4565727 2021-02-05 00:00:00
122.62 123.61 122.4 123.9767 5887999 2021-02-08 00:00:00
121.9 122.1 121.05 122.5953 4661655 2021-02-09 00:00:00
123.03 122.24 121.2138 123.41 4831858 2021-02-10 00:00:00
122.0 120.91 120.63 122.205 5381556 2021-02-11 00:00:00
121.0 120.8 120.09 121.36 3871195 2021-02-12 00:00:00
120.15 120.07 119.36 120.6 6639790 2021-02-16 00:00:00
119.27 119.97 119.02 120.56 3949876 2021-02-17 00:00:00
120.5 120.73 119.7 120.94 5399145 2021-02-18 00:00:00
120.75 118.99 118.38 120.76 6578741 2021-02-19 00:00:00
118.5 120.86 118.44 121.125 5838841 2021-02-22 00:00:00
120.92 120.71 119.8 121.35 4531464 2021-02-23 00:00:00
120.8 123.21 120.52 123.49 5819983 2021-02-24 00:00:00
123.37 122.47 122.335 124.35 5672671 2021-02-25 00:00:00
122.25 118.93 118.88 122.25 8868848 2021-02-26 00:00:00
120.35 120.74 119.8649 122.32 5715767 2021-03-01 00:00:00
120.74 120.33 120.26 121.9 4524299 2021-03-02 00:00:00
120.5 122.36 119.98 122.634 7404269 2021-03-03 00:00:00
122.0 120.11 118.755 123.22 8068492 2021-03-04 00:00:00
120.64 122.83 120.25 123.75 6949265 2021-03-05 00:00:00
122.99 124.81 122.88 126.85 7239191 2021-03-08 00:00:00
125.4 124.18 124.16 126.43 5609029 2021-03-09 00:00:00
125.05 127.87 124.61 128.24 7247807 2021-03-10 00:00:00
128.09 127.14 126.78 128.64 5146937 2021-03-11 00:00:00
127.19 127.61 126.61 127.68 4010100 2021-03-12 00:00:00
127.77 128.58 127.5401 128.75 3421281 2021-03-15 00:00:00
128.28 128.24 127.34 128.52 4653178 2021-03-16 00:00:00
128.46 129.03 127.49 129.49 4291351 2021-03-17 00:00:00
128.94 130.06 127.79 130.995 5835669 2021-03-18 00:00:00
130.02 128.9 128.53 130.44 9844983 2021-03-19 00:00:00
128.5 130.55 127.89 130.72 4164914 2021-03-22 00:00:00
130.44 130.46 129.8 131.56 4356359 2021-03-23 00:00:00
130.95 130.62 130.57 132.11 4005027 2021-03-24 00:00:00
130.33 133.07 129.77 133.24 5553966 2021-03-25 00:00:00
133.29 136.38 133.12 136.48 5567592 2021-03-26 00:00:00
135.98 135.86 135.51 137.07 4622664 2021-03-29 00:00:00
135.86 134.72 134.02 136.27 4790366 2021-03-30 00:00:00
134.54 133.26 132.71 134.71 4945315 2021-03-31 00:00:00
133.76 133.23 132.27 133.93 3961191 2021-04-01 00:00:00