136.32 136.34 136.1693 136.56 170331 2021-03-29_14-00-00
136.32 135.68 135.68 136.3299 262771 2021-03-29_14-30-00
135.665 135.8492 135.51 135.92 263886 2021-03-29_15-00-00
135.87 136.5 135.85 136.515 201019 2021-03-29_15-30-00
136.5 135.87 135.77 136.5 587428 2021-03-29_16-00-00
135.86 135.86 135.86 136.0 182628 2021-03-29_16-30-00
136.13 136.13 136.06 136.13 1552 2021-03-29_17-00-00
135.9 135.9 135.9 135.9 135 2021-03-29_17-30-00
136.0 136.0 136.0 136.0 200 2021-03-29_18-00-00
136.0 135.89 135.89 136.0 415 2021-03-29_18-30-00
135.9 135.9 135.9 135.9 1251 2021-03-29_19-30-00
135.83 135.0 135.0 135.83 678 2021-03-30_05-30-00
135.78 135.43 135.43 135.78 445 2021-03-30_07-30-00
135.43 135.52 135.43 135.8 1186 2021-03-30_08-00-00
135.42 135.53 135.42 135.76 708 2021-03-30_08-30-00
135.5 135.4 135.23 135.5 1115 2021-03-30_09-30-00
135.86 135.255 134.871 136.27 530642 2021-03-30_10-00-00
135.24 135.66 134.9795 135.66 270924 2021-03-30_10-30-00
135.6665 134.99 134.92 135.68 240291 2021-03-30_11-00-00
134.95 134.82 134.78 135.12 345510 2021-03-30_11-30-00
134.85 134.58 134.2627 134.8566 345479 2021-03-30_12-00-00
134.5475 134.265 134.02 134.56 268317 2021-03-30_12-30-00
134.26 134.34 134.19 134.44 160406 2021-03-30_13-00-00
134.35 134.71 134.28 134.75 133490 2021-03-30_13-30-00
134.72 134.705 134.48 134.81 159482 2021-03-30_14-00-00
134.69 134.76 134.545 134.85 151613 2021-03-30_14-30-00
134.75 134.7 134.53 134.77 176439 2021-03-30_15-00-00
134.7 134.88 134.58 134.92 195922 2021-03-30_15-30-00
134.8795 134.75 134.39 134.91 500965 2021-03-30_16-00-00
134.72 134.32 134.32 134.72 898042 2021-03-30_16-30-00
134.28 134.28 134.28 134.28 100 2021-03-30_17-00-00
134.72 134.72 134.72 134.72 3167 2021-03-30_18-00-00
134.55 134.76 134.55 134.76 416 2021-03-30_18-30-00
134.55 134.55 134.55 134.55 575 2021-03-30_19-00-00
134.6 134.6 134.6 134.6 250 2021-03-30_20-00-00
134.48 134.48 134.48 134.48 300 2021-03-31_07-00-00
134.71 134.53 134.53 134.71 763 2021-03-31_07-30-00
134.63 134.63 134.63 134.63 212 2021-03-31_08-00-00
134.62 134.52 134.52 134.75 2064 2021-03-31_08-30-00
134.55 134.55 134.55 134.55 111 2021-03-31_09-00-00
134.33 134.32 134.32 134.33 860 2021-03-31_09-30-00
134.54 133.08 133.08 134.71 702470 2021-03-31_10-00-00
133.11 133.1091 132.71 133.249 474125 2021-03-31_10-30-00
133.09 133.54 132.92 133.5733 302018 2021-03-31_11-00-00
133.55 133.215 133.08 133.84 406946 2021-03-31_11-30-00
133.2 133.32 133.03 133.47 260750 2021-03-31_12-00-00
133.31 133.375 133.28 133.54 148070 2021-03-31_12-30-00
133.37 133.51 133.17 133.58 126896 2021-03-31_13-00-00
133.52 133.69 133.441 133.75 101218 2021-03-31_13-30-00
133.69 133.78 133.62 133.8339 113777 2021-03-31_14-00-00
133.77 133.8401 133.635 133.88 155293 2021-03-31_14-30-00
133.86 133.85 133.7 133.91 145011 2021-03-31_15-00-00
133.83 133.69 133.67 133.9 167897 2021-03-31_15-30-00
133.69 133.27 133.17 133.7972 783382 2021-03-31_16-00-00
133.26 133.2 133.2 133.26 251162 2021-03-31_16-30-00
133.26 133.22 133.22 133.53 2759 2021-03-31_17-00-00
133.22 133.22 133.22 133.22 200 2021-03-31_17-30-00
133.24 133.24 133.24 133.24 100 2021-03-31_18-30-00
133.36 133.36 133.36 133.36 383 2021-04-01_04-30-00
133.6 133.6 133.6 133.6 794 2021-04-01_07-00-00
133.7 133.7 133.7 133.7 200 2021-04-01_08-00-00
133.49 133.26 133.26 133.49 5213 2021-04-01_08-30-00
133.3888 133.9626 133.26 133.99 844 2021-04-01_09-00-00
133.5123 133.8999 133.26 133.9 1430 2021-04-01_09-30-00
133.76 132.36 132.27 133.93 548194 2021-04-01_10-00-00
132.405 132.66 132.32 132.825 368306 2021-04-01_10-30-00
132.66 132.34 132.34 132.91 338587 2021-04-01_11-00-00
132.33 132.89 132.3 133.2113 298482 2021-04-01_11-30-00
132.89 132.85 132.535 132.895 222524 2021-04-01_12-00-00
132.845 132.69 132.68 133.08 175117 2021-04-01_12-30-00
132.69 132.7152 132.54 132.78 166064 2021-04-01_13-00-00
132.72 132.69 132.58 132.7499 158697 2021-04-01_13-30-00
132.6901 132.64 132.63 132.88 145710 2021-04-01_14-00-00
132.65 132.52 132.52 132.83 126800 2021-04-01_14-30-00
132.525 132.73 132.5193 132.845 180047 2021-04-01_15-00-00
132.73 132.7283 132.71 133.15 223190 2021-04-01_15-30-00
132.73 133.24 132.64 133.25 620647 2021-04-01_16-00-00
133.23 133.36 133.2 133.36 60839 2021-04-01_16-30-00
133.26 133.23 133.23 133.41 10702 2021-04-01_17-00-00
133.27 133.27 133.27 133.27 117 2021-04-01_17-30-00
133.28 133.23 133.23 133.28 905 2021-04-01_18-30-00
133.51 133.69 133.18 133.69 2933 2021-04-05_07-30-00
133.8934 133.65 133.58 133.9 3605 2021-04-05_08-30-00
133.55 133.85 133.55 133.97 3625 2021-04-05_09-00-00
133.92 133.62 133.62 133.92 2107 2021-04-05_09-30-00
133.64 133.81 133.4 134.2365 551487 2021-04-05_10-00-00
133.83 134.34 133.73 134.56 346338 2021-04-05_10-30-00
134.34 134.82 134.23 134.91 260696 2021-04-05_11-00-00
134.82 135.4055 134.8021 135.45 298421 2021-04-05_11-30-00
135.41 135.845 135.24 136.0 273749 2021-04-05_12-00-00
135.82 136.4673 135.8044 136.4673 273103 2021-04-05_12-30-00
136.45 136.41 136.32 136.69 348302 2021-04-05_13-00-00
136.4 136.025 135.95 136.545 238439 2021-04-05_13-30-00
136.04 136.36 135.85 136.36 217961 2021-04-05_14-00-00
136.36 136.3359 136.195 136.4 183302 2021-04-05_14-30-00
136.335 135.82 135.82 136.4099 208869 2021-04-05_15-00-00
135.83 135.94 135.68 136.04 229975 2021-04-05_15-30-00
135.94 135.92 135.82 136.16 680337 2021-04-05_16-00-00
135.93 135.96 135.93 135.96 594014 2021-04-05_16-30-00
136.05 136.02 136.02 136.05 210 2021-04-05_19-00-00