134.6 134.32 134.32 134.72 2141
134.28 134.28 134.28 134.28 100
134.72 134.72 134.72 134.72 3167
134.55 134.76 134.55 134.76 416
134.55 134.55 134.55 134.55 575
134.6 134.6 134.6 134.6 100
134.6 134.6 134.6 134.6 150
134.48 134.48 134.48 134.48 100
134.48 134.48 134.48 134.48 200
134.71 134.53 134.53 134.71 763
134.63 134.63 134.63 134.63 212
134.62 134.62 134.62 134.62 324
134.75 134.75 134.75 134.75 200
134.62 134.52 134.52 134.62 1540
134.55 134.55 134.55 134.55 111
134.33 134.32 134.32 134.33 860
134.54 134.295 134.2 134.71 215694
134.3 133.955 133.81 134.31 101383
133.98 133.68 133.68 134.01 80517
133.67 133.14 133.11 133.7 135273
133.14 133.275 133.14 133.47 70325
133.295 133.08 133.08 133.45 99278
133.11 132.8996 132.77 133.17 94066
132.92 132.82 132.71 133.03 107520
132.82 132.85 132.74 132.99 101512
132.85 132.98 132.795 133.02 70343
132.95 133.1 132.92 133.1428 48899
133.1 133.1091 133.04 133.249 51785
133.09 133.2225 133.07 133.27 33151
133.23 133.42 133.2089 133.45 41391
133.4238 133.14 133.13 133.5733 58393
133.13 133.04 132.92 133.15 55038
133.04 133.28 133.0 133.38 77409
133.28 133.54 133.28 133.5662 36636
133.55 133.82 133.42 133.82 68030
133.82 133.71 133.65 133.84 31466
133.68 133.2967 133.08 133.715 122914
133.28 133.18 133.1 133.29 86511
133.17 133.298 133.17 133.46 39268
133.32 133.215 133.2 133.3654 58757
133.2 133.08 133.05 133.33 51398
133.095 133.06 133.03 133.11 24165
133.0755 133.1 133.06 133.16 88894
133.13 133.43 133.13 133.43 30367
133.41 133.305 133.24 133.47 39257
133.3 133.32 133.28 133.37 26669
133.31 133.405 133.31 133.44 17653
133.4 133.49 133.385 133.5 18089
133.48 133.53 133.35 133.54 48874
133.53 133.3 133.3 133.5399 30893
133.31 133.34 133.28 133.39 18583
133.3301 133.375 133.3 133.39 13978
133.37 133.3814 133.31 133.41 19719
133.39 133.19 133.18 133.42 27742
133.18 133.3227 133.17 133.325 15042
133.29 133.3 133.27 133.331 12302
133.31 133.37 133.31 133.41 21467
133.3762 133.51 133.3636 133.58 30624
133.52 133.62 133.441 133.62 17492
133.58 133.69 133.53 133.69 22047
133.68 133.66 133.63 133.75 17937
133.64 133.63 133.5649 133.66 17852
133.615 133.605 133.59 133.66 11589
133.61 133.69 133.6044 133.7 14301
133.69 133.75 133.648 133.75 25416
133.75 133.659 133.659 133.78 19402
133.68 133.67 133.62 133.7 20874
133.645 133.68 133.62 133.71 14703
133.7 133.79 133.7 133.81 16252
133.8 133.78 133.78 133.8339 17130
133.77 133.76 133.645 133.79 34536
133.75 133.69 133.65 133.805 30370
133.68 133.72 133.635 133.76 21912
133.71 133.76 133.65 133.8 22429
133.75 133.83 133.74 133.85 20650
133.82 133.8401 133.78 133.88 25396
133.86 133.8725 133.83 133.9 23436
133.86 133.78 133.76 133.87 16168
133.79 133.89 133.7 133.9 31024
133.87 133.79 133.78 133.91 22439
133.79 133.79 133.73 133.8499 25516
133.8169 133.85 133.78 133.9 26428
133.83 133.84 133.77 133.88 34500
133.845 133.84 133.81 133.89 24704
133.85 133.78 133.76 133.87 24997
133.79 133.89 133.79 133.8998 26338
133.89 133.745 133.73 133.9 23976
133.74 133.69 133.67 133.805 33382
133.69 133.75 133.68 133.7972 37170
133.73 133.613 133.61 133.74 43120
133.61 133.59 133.55 133.67 55141
133.58 133.59 133.545 133.67 70163
133.59 133.58 133.55 133.74 117523
133.6 133.27 133.17 133.63 460265
133.26 133.26 133.26 133.26 211084
133.26 133.2 133.2 133.26 40078
133.26 133.53 133.26 133.53 1752
133.22 133.22 133.22 133.22 1007
133.22 133.22 133.22 133.22 200
133.24 133.24 133.24 133.24 100